{
 "cells": [
  {
   "cell_type": "code",
   "execution_count": null,
   "id": "a7414b81-b51d-468f-b3ac-3a82990b373e",
   "metadata": {},
   "outputs": [],
   "source": [
    "import cv2\n",
    "import numpy as np\n",
    "import scipy\n",
    "import scipy.ndimage\n",
    "from scipy import signal"
   ]
  },
  {
   "cell_type": "code",
   "execution_count": null,
   "id": "45794bf4-3acb-40d4-9f4d-809acdc90989",
   "metadata": {},
   "outputs": [],
   "source": [
    "kernlen=5"
   ]
  },
  {
   "cell_type": "code",
   "execution_count": null,
   "id": "0797d39a-982d-4ac3-b5f0-e544071d5f50",
   "metadata": {},
   "outputs": [],
   "source": [
    "std=5"
   ]
  },
  {
   "cell_type": "code",
   "execution_count": null,
   "id": "1057d694-4712-4696-8a3f-feab7005fdad",
   "metadata": {},
   "outputs": [
    {
     "data": {
      "text/plain": [
       "array([[0.92311635],\n",
       "       [0.98019867],\n",
       "       [1.        ],\n",
       "       [0.98019867],\n",
       "       [0.92311635]])"
      ]
     },
     "execution_count": 4,
     "metadata": {},
     "output_type": "execute_result"
    }
   ],
   "source": [
    "signal.gaussian(kernlen, std=std).reshape(kernlen, 1)"
   ]
  },
  {
   "cell_type": "code",
   "execution_count": null,
   "id": "f723362d-e41d-4d04-abb3-2a0bc61fdb52",
   "metadata": {},
   "outputs": [
    {
     "data": {
      "text/plain": [
       "array([0.92311635, 0.98019867, 1.        , 0.98019867, 0.92311635])"
      ]
     },
     "execution_count": 5,
     "metadata": {},
     "output_type": "execute_result"
    }
   ],
   "source": [
    "signal.gaussian(kernlen, std=std)"
   ]
  },
  {
   "cell_type": "code",
   "execution_count": null,
   "id": "24c7e616-c790-408c-b06b-e490d55a3aa6",
   "metadata": {},
   "outputs": [],
   "source": [
    "generate_kernel1d = signal.gaussian(kernlen, std=std).reshape(kernlen, 1)"
   ]
  },
  {
   "cell_type": "code",
   "execution_count": null,
   "id": "41aa3b10-fd47-483c-8ffc-608e150d54a5",
   "metadata": {},
   "outputs": [],
   "source": [
    "generate_kernel2d = np.outer(generate_kernel1d, generate_kernel1d)"
   ]
  },
  {
   "cell_type": "code",
   "execution_count": null,
   "id": "70782fe3-c762-4fd4-acdc-41536916668e",
   "metadata": {},
   "outputs": [
    {
     "data": {
      "text/plain": [
       "array([[0.85214379, 0.90483742, 0.92311635, 0.90483742, 0.85214379],\n",
       "       [0.90483742, 0.96078944, 0.98019867, 0.96078944, 0.90483742],\n",
       "       [0.92311635, 0.98019867, 1.        , 0.98019867, 0.92311635],\n",
       "       [0.90483742, 0.96078944, 0.98019867, 0.96078944, 0.90483742],\n",
       "       [0.85214379, 0.90483742, 0.92311635, 0.90483742, 0.85214379]])"
      ]
     },
     "execution_count": 9,
     "metadata": {},
     "output_type": "execute_result"
    }
   ],
   "source": [
    "generate_kernel2d"
   ]
  },
  {
   "cell_type": "code",
   "execution_count": null,
   "id": "9f0a22c6-21b7-41af-a867-8d3c69976ec9",
   "metadata": {},
   "outputs": [],
   "source": [
    "def generate_kernel(kernlen=5, std=5):\n",
    "    '''\n",
    "    Retorna 2D Gaussian kernel array\n",
    "\n",
    "    - A função signal.gaussian da biblioteca scipy é usada para gerar um kernel gaussiano 1D.\n",
    "    - Para converter o kernel Gaussiano 1D em um kernel Gaussiano 2D, a função np.outer é usada.\n",
    "    - Nesse caso, é necessário generate_kernel1d (o kernel gaussiano 1D) como ambos os vetores de entrada, multiplicando efetivamente o kernel 1D por si mesmo, \n",
    "    resultando em um kernel gaussiano 2D.\n",
    "    - Finalmente, a função retorna o kernel Gaussiano 2D gerado como uma matriz numpy 2D.\n",
    "    '''\n",
    "    generate_kernel1d = signal.gaussian(kernlen, std=std).reshape(kernlen, 1)\n",
    "    generate_kernel2d = np.outer(generate_kernel1d, generate_kernel1d) # multiplica ele por ele mesmo\n",
    "    return generate_kernel2d"
   ]
  },
  {
   "cell_type": "code",
   "execution_count": null,
   "id": "0616ec88-7b15-42c0-9b46-f36d96a107d5",
   "metadata": {},
   "outputs": [],
   "source": [
    "kernel = generate_kernel(23, std=20)"
   ]
  },
  {
   "cell_type": "code",
   "execution_count": null,
   "id": "b9e084e5-b9bd-4abb-8ee6-57ba9afb728e",
   "metadata": {},
   "outputs": [
    {
     "data": {
      "text/plain": [
       "array([[0.73896849, 0.75862325, 0.77685621, 0.79354106, 0.80856032,\n",
       "        0.82180676, 0.83318464, 0.84261089, 0.85001609, 0.85534533,\n",
       "        0.85855889, 0.85963276, 0.85855889, 0.85534533, 0.85001609,\n",
       "        0.84261089, 0.83318464, 0.82180676, 0.80856032, 0.79354106,\n",
       "        0.77685621, 0.75862325, 0.73896849],\n",
       "       [0.75862325, 0.77880078, 0.7975187 , 0.81464732, 0.83006605,\n",
       "        0.84366482, 0.85534533, 0.86502229, 0.87262445, 0.87809543,\n",
       "        0.88139447, 0.8824969 , 0.88139447, 0.87809543, 0.87262445,\n",
       "        0.86502229, 0.85534533, 0.84366482, 0.83006605, 0.81464732,\n",
       "        0.7975187 , 0.77880078, 0.75862325],\n",
       "       [0.77685621, 0.7975187 , 0.81668648, 0.83422678, 0.85001609,\n",
       "        0.86394169, 0.87590293, 0.88581248, 0.89359735, 0.89919982,\n",
       "        0.90257815, 0.90370708, 0.90257815, 0.89919982, 0.89359735,\n",
       "        0.88581248, 0.87590293, 0.86394169, 0.85001609, 0.83422678,\n",
       "        0.81668648, 0.7975187 , 0.77685621],\n",
       "       [0.79354106, 0.81464732, 0.83422678, 0.85214379, 0.86827222,\n",
       "        0.8824969 , 0.89471504, 0.90483742, 0.91278949, 0.91851228,\n",
       "        0.92196317, 0.92311635, 0.92196317, 0.91851228, 0.91278949,\n",
       "        0.90483742, 0.89471504, 0.8824969 , 0.86827222, 0.85214379,\n",
       "        0.83422678, 0.81464732, 0.79354106],\n",
       "       [0.80856032, 0.83006605, 0.85001609, 0.86827222, 0.8847059 ,\n",
       "        0.89919982, 0.91164921, 0.92196317, 0.93006575, 0.93589686,\n",
       "        0.93941306, 0.94058806, 0.93941306, 0.93589686, 0.93006575,\n",
       "        0.92196317, 0.91164921, 0.89919982, 0.8847059 , 0.86827222,\n",
       "        0.85001609, 0.83006605, 0.80856032],\n",
       "       [0.82180676, 0.84366482, 0.86394169, 0.8824969 , 0.89919982,\n",
       "        0.91393119, 0.92658453, 0.93706746, 0.94530278, 0.95122942,\n",
       "        0.95480323, 0.95599748, 0.95480323, 0.95122942, 0.94530278,\n",
       "        0.93706746, 0.92658453, 0.91393119, 0.89919982, 0.8824969 ,\n",
       "        0.86394169, 0.84366482, 0.82180676],\n",
       "       [0.83318464, 0.85534533, 0.87590293, 0.89471504, 0.91164921,\n",
       "        0.92658453, 0.93941306, 0.95004113, 0.95839047, 0.96439916,\n",
       "        0.96802245, 0.96923323, 0.96802245, 0.96439916, 0.95839047,\n",
       "        0.95004113, 0.93941306, 0.92658453, 0.91164921, 0.89471504,\n",
       "        0.87590293, 0.85534533, 0.83318464],\n",
       "       [0.84261089, 0.86502229, 0.88581248, 0.90483742, 0.92196317,\n",
       "        0.93706746, 0.95004113, 0.96078944, 0.96923323, 0.97530991,\n",
       "        0.97897419, 0.98019867, 0.97897419, 0.97530991, 0.96923323,\n",
       "        0.96078944, 0.95004113, 0.93706746, 0.92196317, 0.90483742,\n",
       "        0.88581248, 0.86502229, 0.84261089],\n",
       "       [0.85001609, 0.87262445, 0.89359735, 0.91278949, 0.93006575,\n",
       "        0.94530278, 0.95839047, 0.96923323, 0.97775124, 0.98388132,\n",
       "        0.9875778 , 0.98881304, 0.9875778 , 0.98388132, 0.97775124,\n",
       "        0.96923323, 0.95839047, 0.94530278, 0.93006575, 0.91278949,\n",
       "        0.89359735, 0.87262445, 0.85001609],\n",
       "       [0.85534533, 0.87809543, 0.89919982, 0.91851228, 0.93589686,\n",
       "        0.95122942, 0.96439916, 0.97530991, 0.98388132, 0.99004983,\n",
       "        0.99376949, 0.99501248, 0.99376949, 0.99004983, 0.98388132,\n",
       "        0.97530991, 0.96439916, 0.95122942, 0.93589686, 0.91851228,\n",
       "        0.89919982, 0.87809543, 0.85534533],\n",
       "       [0.85855889, 0.88139447, 0.90257815, 0.92196317, 0.93941306,\n",
       "        0.95480323, 0.96802245, 0.97897419, 0.9875778 , 0.99376949,\n",
       "        0.99750312, 0.99875078, 0.99750312, 0.99376949, 0.9875778 ,\n",
       "        0.97897419, 0.96802245, 0.95480323, 0.93941306, 0.92196317,\n",
       "        0.90257815, 0.88139447, 0.85855889],\n",
       "       [0.85963276, 0.8824969 , 0.90370708, 0.92311635, 0.94058806,\n",
       "        0.95599748, 0.96923323, 0.98019867, 0.98881304, 0.99501248,\n",
       "        0.99875078, 1.        , 0.99875078, 0.99501248, 0.98881304,\n",
       "        0.98019867, 0.96923323, 0.95599748, 0.94058806, 0.92311635,\n",
       "        0.90370708, 0.8824969 , 0.85963276],\n",
       "       [0.85855889, 0.88139447, 0.90257815, 0.92196317, 0.93941306,\n",
       "        0.95480323, 0.96802245, 0.97897419, 0.9875778 , 0.99376949,\n",
       "        0.99750312, 0.99875078, 0.99750312, 0.99376949, 0.9875778 ,\n",
       "        0.97897419, 0.96802245, 0.95480323, 0.93941306, 0.92196317,\n",
       "        0.90257815, 0.88139447, 0.85855889],\n",
       "       [0.85534533, 0.87809543, 0.89919982, 0.91851228, 0.93589686,\n",
       "        0.95122942, 0.96439916, 0.97530991, 0.98388132, 0.99004983,\n",
       "        0.99376949, 0.99501248, 0.99376949, 0.99004983, 0.98388132,\n",
       "        0.97530991, 0.96439916, 0.95122942, 0.93589686, 0.91851228,\n",
       "        0.89919982, 0.87809543, 0.85534533],\n",
       "       [0.85001609, 0.87262445, 0.89359735, 0.91278949, 0.93006575,\n",
       "        0.94530278, 0.95839047, 0.96923323, 0.97775124, 0.98388132,\n",
       "        0.9875778 , 0.98881304, 0.9875778 , 0.98388132, 0.97775124,\n",
       "        0.96923323, 0.95839047, 0.94530278, 0.93006575, 0.91278949,\n",
       "        0.89359735, 0.87262445, 0.85001609],\n",
       "       [0.84261089, 0.86502229, 0.88581248, 0.90483742, 0.92196317,\n",
       "        0.93706746, 0.95004113, 0.96078944, 0.96923323, 0.97530991,\n",
       "        0.97897419, 0.98019867, 0.97897419, 0.97530991, 0.96923323,\n",
       "        0.96078944, 0.95004113, 0.93706746, 0.92196317, 0.90483742,\n",
       "        0.88581248, 0.86502229, 0.84261089],\n",
       "       [0.83318464, 0.85534533, 0.87590293, 0.89471504, 0.91164921,\n",
       "        0.92658453, 0.93941306, 0.95004113, 0.95839047, 0.96439916,\n",
       "        0.96802245, 0.96923323, 0.96802245, 0.96439916, 0.95839047,\n",
       "        0.95004113, 0.93941306, 0.92658453, 0.91164921, 0.89471504,\n",
       "        0.87590293, 0.85534533, 0.83318464],\n",
       "       [0.82180676, 0.84366482, 0.86394169, 0.8824969 , 0.89919982,\n",
       "        0.91393119, 0.92658453, 0.93706746, 0.94530278, 0.95122942,\n",
       "        0.95480323, 0.95599748, 0.95480323, 0.95122942, 0.94530278,\n",
       "        0.93706746, 0.92658453, 0.91393119, 0.89919982, 0.8824969 ,\n",
       "        0.86394169, 0.84366482, 0.82180676],\n",
       "       [0.80856032, 0.83006605, 0.85001609, 0.86827222, 0.8847059 ,\n",
       "        0.89919982, 0.91164921, 0.92196317, 0.93006575, 0.93589686,\n",
       "        0.93941306, 0.94058806, 0.93941306, 0.93589686, 0.93006575,\n",
       "        0.92196317, 0.91164921, 0.89919982, 0.8847059 , 0.86827222,\n",
       "        0.85001609, 0.83006605, 0.80856032],\n",
       "       [0.79354106, 0.81464732, 0.83422678, 0.85214379, 0.86827222,\n",
       "        0.8824969 , 0.89471504, 0.90483742, 0.91278949, 0.91851228,\n",
       "        0.92196317, 0.92311635, 0.92196317, 0.91851228, 0.91278949,\n",
       "        0.90483742, 0.89471504, 0.8824969 , 0.86827222, 0.85214379,\n",
       "        0.83422678, 0.81464732, 0.79354106],\n",
       "       [0.77685621, 0.7975187 , 0.81668648, 0.83422678, 0.85001609,\n",
       "        0.86394169, 0.87590293, 0.88581248, 0.89359735, 0.89919982,\n",
       "        0.90257815, 0.90370708, 0.90257815, 0.89919982, 0.89359735,\n",
       "        0.88581248, 0.87590293, 0.86394169, 0.85001609, 0.83422678,\n",
       "        0.81668648, 0.7975187 , 0.77685621],\n",
       "       [0.75862325, 0.77880078, 0.7975187 , 0.81464732, 0.83006605,\n",
       "        0.84366482, 0.85534533, 0.86502229, 0.87262445, 0.87809543,\n",
       "        0.88139447, 0.8824969 , 0.88139447, 0.87809543, 0.87262445,\n",
       "        0.86502229, 0.85534533, 0.84366482, 0.83006605, 0.81464732,\n",
       "        0.7975187 , 0.77880078, 0.75862325],\n",
       "       [0.73896849, 0.75862325, 0.77685621, 0.79354106, 0.80856032,\n",
       "        0.82180676, 0.83318464, 0.84261089, 0.85001609, 0.85534533,\n",
       "        0.85855889, 0.85963276, 0.85855889, 0.85534533, 0.85001609,\n",
       "        0.84261089, 0.83318464, 0.82180676, 0.80856032, 0.79354106,\n",
       "        0.77685621, 0.75862325, 0.73896849]])"
      ]
     },
     "execution_count": 12,
     "metadata": {},
     "output_type": "execute_result"
    }
   ],
   "source": [
    "kernel"
   ]
  },
  {
   "cell_type": "code",
   "execution_count": null,
   "metadata": {},
   "outputs": [],
   "source": [
    "kernel_tile = np.tile(kernel, (4))"
   ]
  },
  {
   "cell_type": "code",
   "execution_count": null,
   "metadata": {},
   "outputs": [
    {
     "data": {
      "text/plain": [
       "array([[0.73896849, 0.75862325, 0.77685621, ..., 0.77685621, 0.75862325,\n",
       "        0.73896849],\n",
       "       [0.75862325, 0.77880078, 0.7975187 , ..., 0.7975187 , 0.77880078,\n",
       "        0.75862325],\n",
       "       [0.77685621, 0.7975187 , 0.81668648, ..., 0.81668648, 0.7975187 ,\n",
       "        0.77685621],\n",
       "       ...,\n",
       "       [0.77685621, 0.7975187 , 0.81668648, ..., 0.81668648, 0.7975187 ,\n",
       "        0.77685621],\n",
       "       [0.75862325, 0.77880078, 0.7975187 , ..., 0.7975187 , 0.77880078,\n",
       "        0.75862325],\n",
       "       [0.73896849, 0.75862325, 0.77685621, ..., 0.77685621, 0.75862325,\n",
       "        0.73896849]])"
      ]
     },
     "execution_count": 14,
     "metadata": {},
     "output_type": "execute_result"
    }
   ],
   "source": [
    "kernel_tile"
   ]
  },
  {
   "cell_type": "code",
   "execution_count": null,
   "metadata": {},
   "outputs": [],
   "source": [
    "kernel = generate_kernel()"
   ]
  },
  {
   "cell_type": "code",
   "execution_count": null,
   "metadata": {},
   "outputs": [
    {
     "data": {
      "text/plain": [
       "array([[0.85214379, 0.90483742, 0.92311635, 0.90483742, 0.85214379],\n",
       "       [0.90483742, 0.96078944, 0.98019867, 0.96078944, 0.90483742],\n",
       "       [0.92311635, 0.98019867, 1.        , 0.98019867, 0.92311635],\n",
       "       [0.90483742, 0.96078944, 0.98019867, 0.96078944, 0.90483742],\n",
       "       [0.85214379, 0.90483742, 0.92311635, 0.90483742, 0.85214379]])"
      ]
     },
     "execution_count": 16,
     "metadata": {},
     "output_type": "execute_result"
    }
   ],
   "source": [
    "kernel"
   ]
  },
  {
   "cell_type": "code",
   "execution_count": null,
   "metadata": {},
   "outputs": [
    {
     "data": {
      "text/plain": [
       "array([[0.85214379, 0.90483742, 0.92311635, 0.90483742, 0.85214379,\n",
       "        0.85214379, 0.90483742, 0.92311635, 0.90483742, 0.85214379,\n",
       "        0.85214379, 0.90483742, 0.92311635, 0.90483742, 0.85214379,\n",
       "        0.85214379, 0.90483742, 0.92311635, 0.90483742, 0.85214379],\n",
       "       [0.90483742, 0.96078944, 0.98019867, 0.96078944, 0.90483742,\n",
       "        0.90483742, 0.96078944, 0.98019867, 0.96078944, 0.90483742,\n",
       "        0.90483742, 0.96078944, 0.98019867, 0.96078944, 0.90483742,\n",
       "        0.90483742, 0.96078944, 0.98019867, 0.96078944, 0.90483742],\n",
       "       [0.92311635, 0.98019867, 1.        , 0.98019867, 0.92311635,\n",
       "        0.92311635, 0.98019867, 1.        , 0.98019867, 0.92311635,\n",
       "        0.92311635, 0.98019867, 1.        , 0.98019867, 0.92311635,\n",
       "        0.92311635, 0.98019867, 1.        , 0.98019867, 0.92311635],\n",
       "       [0.90483742, 0.96078944, 0.98019867, 0.96078944, 0.90483742,\n",
       "        0.90483742, 0.96078944, 0.98019867, 0.96078944, 0.90483742,\n",
       "        0.90483742, 0.96078944, 0.98019867, 0.96078944, 0.90483742,\n",
       "        0.90483742, 0.96078944, 0.98019867, 0.96078944, 0.90483742],\n",
       "       [0.85214379, 0.90483742, 0.92311635, 0.90483742, 0.85214379,\n",
       "        0.85214379, 0.90483742, 0.92311635, 0.90483742, 0.85214379,\n",
       "        0.85214379, 0.90483742, 0.92311635, 0.90483742, 0.85214379,\n",
       "        0.85214379, 0.90483742, 0.92311635, 0.90483742, 0.85214379]])"
      ]
     },
     "execution_count": 17,
     "metadata": {},
     "output_type": "execute_result"
    }
   ],
   "source": [
    "kernel_tile = np.tile(kernel, (4))\n",
    "kernel_tile"
   ]
  },
  {
   "cell_type": "code",
   "execution_count": null,
   "metadata": {},
   "outputs": [],
   "source": [
    "# o codigo a cima repetiu o kernel 4 vezes"
   ]
  },
  {
   "cell_type": "code",
   "execution_count": null,
   "id": "b3cc5e1f-6e64-4830-ab13-f88449d73a31",
   "metadata": {},
   "outputs": [],
   "source": [
    "kernel_tile = np.tile(kernel, (3, 1, 1))"
   ]
  },
  {
   "cell_type": "code",
   "execution_count": null,
   "id": "22d607b9-8ef2-4c67-9800-6440062a89bb",
   "metadata": {},
   "outputs": [
    {
     "data": {
      "text/plain": [
       "array([[[0.85214379, 0.90483742, 0.92311635, 0.90483742, 0.85214379],\n",
       "        [0.90483742, 0.96078944, 0.98019867, 0.96078944, 0.90483742],\n",
       "        [0.92311635, 0.98019867, 1.        , 0.98019867, 0.92311635],\n",
       "        [0.90483742, 0.96078944, 0.98019867, 0.96078944, 0.90483742],\n",
       "        [0.85214379, 0.90483742, 0.92311635, 0.90483742, 0.85214379]],\n",
       "\n",
       "       [[0.85214379, 0.90483742, 0.92311635, 0.90483742, 0.85214379],\n",
       "        [0.90483742, 0.96078944, 0.98019867, 0.96078944, 0.90483742],\n",
       "        [0.92311635, 0.98019867, 1.        , 0.98019867, 0.92311635],\n",
       "        [0.90483742, 0.96078944, 0.98019867, 0.96078944, 0.90483742],\n",
       "        [0.85214379, 0.90483742, 0.92311635, 0.90483742, 0.85214379]],\n",
       "\n",
       "       [[0.85214379, 0.90483742, 0.92311635, 0.90483742, 0.85214379],\n",
       "        [0.90483742, 0.96078944, 0.98019867, 0.96078944, 0.90483742],\n",
       "        [0.92311635, 0.98019867, 1.        , 0.98019867, 0.92311635],\n",
       "        [0.90483742, 0.96078944, 0.98019867, 0.96078944, 0.90483742],\n",
       "        [0.85214379, 0.90483742, 0.92311635, 0.90483742, 0.85214379]]])"
      ]
     },
     "execution_count": 21,
     "metadata": {},
     "output_type": "execute_result"
    }
   ],
   "source": [
    "kernel_tile"
   ]
  },
  {
   "cell_type": "code",
   "execution_count": null,
   "metadata": {},
   "outputs": [],
   "source": [
    "# agora temos 3 versões do mesmo array para cada camada de cor\n"
   ]
  },
  {
   "cell_type": "code",
   "execution_count": null,
   "metadata": {},
   "outputs": [],
   "source": [
    "# %%\n",
    "kernel_tile = np.tile(kernel, (1, 1, 3))"
   ]
  },
  {
   "cell_type": "code",
   "execution_count": null,
   "metadata": {},
   "outputs": [
    {
     "data": {
      "text/plain": [
       "array([[[0.85214379, 0.90483742, 0.92311635, 0.90483742, 0.85214379,\n",
       "         0.85214379, 0.90483742, 0.92311635, 0.90483742, 0.85214379,\n",
       "         0.85214379, 0.90483742, 0.92311635, 0.90483742, 0.85214379],\n",
       "        [0.90483742, 0.96078944, 0.98019867, 0.96078944, 0.90483742,\n",
       "         0.90483742, 0.96078944, 0.98019867, 0.96078944, 0.90483742,\n",
       "         0.90483742, 0.96078944, 0.98019867, 0.96078944, 0.90483742],\n",
       "        [0.92311635, 0.98019867, 1.        , 0.98019867, 0.92311635,\n",
       "         0.92311635, 0.98019867, 1.        , 0.98019867, 0.92311635,\n",
       "         0.92311635, 0.98019867, 1.        , 0.98019867, 0.92311635],\n",
       "        [0.90483742, 0.96078944, 0.98019867, 0.96078944, 0.90483742,\n",
       "         0.90483742, 0.96078944, 0.98019867, 0.96078944, 0.90483742,\n",
       "         0.90483742, 0.96078944, 0.98019867, 0.96078944, 0.90483742],\n",
       "        [0.85214379, 0.90483742, 0.92311635, 0.90483742, 0.85214379,\n",
       "         0.85214379, 0.90483742, 0.92311635, 0.90483742, 0.85214379,\n",
       "         0.85214379, 0.90483742, 0.92311635, 0.90483742, 0.85214379]]])"
      ]
     },
     "execution_count": 24,
     "metadata": {},
     "output_type": "execute_result"
    }
   ],
   "source": [
    "kernel_tile"
   ]
  }
 ],
 "metadata": {
  "language_info": {
   "codemirror_mode": {
    "name": "ipython",
    "version": 3
   },
   "file_extension": ".py",
   "mimetype": "text/x-python",
   "name": "python",
   "nbconvert_exporter": "python",
   "pygments_lexer": "ipython3",
   "version": 3
  }
 },
 "nbformat": 4,
 "nbformat_minor": 2
}
